4.081632653061224025e-01 -8.412094037163809768e-01
4.897959183673469274e-01 -1.511660282817301956e-02
1.061224489795918213e+00 -1.708376079677608461e-01
3.265306122448979331e-01 -7.316653156961748783e-01
2.448979591836734637e-01 -4.800032469223941035e-03
1.102040816326530503e+00 -2.869005055898055656e-01
8.163265306122448051e-01 -3.276489768507435674e-01
2.040816326530612013e-01 -3.601453407944029683e-01
7.755102040816326259e-01 -6.341889331193723001e-02
5.306122448979591066e-01 -1.244334426606875516e-01
9.795918367346938549e-01 -2.796384343563936350e-02
5.714285714285713969e-01 -5.151611471269312847e-01
1.183673469387755084e+00 -1.263386251534155402e-01
3.673469387755101678e-01 -1.037214072069056581e+00
2.857142857142856984e-01 -2.124457431285420028e-01
