0.000000000000000000e+00 0.000000000000000000e+00
4.081632653061224164e-02 4.907175520039378513e-01
8.163265306122448328e-02 8.551427630053460849e-01
1.224489795918367319e-01 9.994862162006878936e-01
1.632653061224489666e-01 8.865993063730001067e-01
2.040816326530612013e-01 5.455349012105490392e-01
2.448979591836734637e-01 6.407021998071323055e-02
2.857142857142856984e-01 -4.338837391175580094e-01
3.265306122448979331e-01 -8.201722545969556410e-01
3.673469387755101678e-01 -9.953791129491981193e-01
4.081632653061224025e-01 -9.144126230158128310e-01
4.489795918367346372e-01 -5.981105304912169851e-01
4.897959183673469274e-01 -1.278771616845066350e-01
5.306122448979591066e-01 3.752670048793733115e-01
5.714285714285713969e-01 7.818314824680295816e-01
6.122448979591835760e-01 9.871817834144499537e-01
6.530612244897958663e-01 9.384684220497606644e-01
6.938775510204081565e-01 6.482283953077891958e-01
7.346938775510203357e-01 1.911586287013736507e-01
7.755102040816326259e-01 -3.151082180236208230e-01
8.163265306122448051e-01 -7.402779970753142758e-01
8.571428571428570953e-01 -9.749279121818235083e-01
8.979591836734692745e-01 -9.586678530366613549e-01
9.387755102040815647e-01 -6.956825506034870488e-01
9.795918367346938549e-01 -2.536545839095085686e-01
1.020408163265306145e+00 2.536545839095076249e-01
1.061224489795918213e+00 6.956825506034851614e-01
1.102040816326530503e+00 9.586678530366600226e-01
1.142857142857142794e+00 9.749279121818237304e-01
1.183673469387755084e+00 7.402779970753160521e-01
1.224489795918367152e+00 3.151082180236234320e-01
1.265306122448979442e+00 -1.911586287013692098e-01
1.306122448979591733e+00 -6.482283953077870864e-01
1.346938775510204023e+00 -9.384684220497603313e-01
1.387755102040816313e+00 -9.871817834144505088e-01
1.428571428571428381e+00 -7.818314824680324682e-01
1.469387755102040671e+00 -3.752670048793766977e-01
1.510204081632652962e+00 1.278771616845047754e-01
1.551020408163265252e+00 5.981105304912162079e-01
1.591836734693877320e+00 9.144126230158102775e-01
1.632653061224489610e+00 9.953791129491985634e-01
1.673469387755101900e+00 8.201722545969571954e-01
1.714285714285714191e+00 4.338837391175588976e-01
1.755102040816326481e+00 -6.407021998071003865e-02
1.795918367346938549e+00 -5.455349012105444872e-01
1.836734693877550839e+00 -8.865993063729984414e-01
1.877551020408163129e+00 -9.994862162006878936e-01
1.918367346938775420e+00 -8.551427630053464179e-01
1.959183673469387710e+00 -4.907175520039400718e-01
2.000000000000000000e+00 -9.797174393178825657e-16
